v acc
4000.00,0.00
4000.00,0.00
4000.00,0.00
4000.00,0.00
4000.00,0.00
4000.00,0.00
4000.00,0.00
4000.00,0.00
4000.00,0.00
4000.00,0.00
4000.00,0.00
4000.01,0.00
4000.01,0.01
4000.02,0.01
4000.02,0.01
4000.03,0.02
4000.05,0.02
4000.07,0.03
4000.10,0.03
4000.13,0.03
4000.16,0.07
4000.23,0.08
4000.31,0.09
4000.40,0.10
4000.49,0.11
4000.60,0.23
4000.84,0.27
4001.10,0.29
4001.39,0.32
4001.71,0.34
4002.06,1.08
4003.14,1.20
4004.34,1.28
4005.62,1.31
4006.93,1.32
4008.25,3.56
4011.81,3.06
4014.87,2.41
4017.28,1.80
4019.08,1.33
4020.41,1.50
4021.92,1.56
4023.47,2.19
4025.66,3.29
4028.95,4.72
4033.67,9.37
4043.04,12.70
4055.75,15.87
4071.62,18.68
4090.29,21.03
4111.33,55.05
4166.38,59.78
4226.16,59.98
4286.13,56.75
4342.89,51.15
4394.03,47.06
4441.09,37.73
4478.82,28.32
4507.14,19.59
4526.73,12.04
4538.77,5.91
4544.68,0.48
4545.15,-5.67
4539.49,-8.96
4530.53,-10.44
4520.09,-10.91
4509.18,-10.85
4498.33,-11.45
4486.88,-8.32
4478.56,-8.08
4470.48,-7.86
4462.63,-6.31
4456.32,-6.19
4450.13,-6.08
4444.05,-5.99
4438.06,-5.90
4432.15,-7.06
4425.09,-6.95
4418.14,-6.84
4411.30,-6.74
4404.55,-6.64
4397.91,-6.54
4391.37,-9.66
4381.71,-9.44
4372.26,-9.23
4363.04,-9.01
4354.03,-8.80
4345.23,-8.59
4336.65,-17.13
4319.51,-16.28
4303.23,-15.47
4287.76,-14.70
4273.06,-13.96
4259.11,-21.49
4237.62,-19.73
4217.89,-18.12
4199.77,-16.63
4183.14,-29.80
4153.34,-24.98
4128.36,-20.94
4107.42,-17.55
4089.87,-14.71
4075.16,-22.88
4052.28,-15.91
4036.37,-11.10
4025.27,-7.74
4017.52,-2.46
4015.06,0.00
4015.07,0.00
4015.07,0.00
4015.07,0.01
4015.08,0.01
4015.09,0.01
4015.09,0.01
4015.10,0.01
4015.11,0.01
4015.13,0.01
4015.14,0.03
4015.17,0.02
4015.19,0.02
4015.21,0.01
4015.22,0.02
4015.25,0.01
4015.26,0.00
4015.26,0.00
4015.26,-0.00
4015.26,-0.00
4015.26,-0.00
4015.26,-0.00
4015.26,-0.00
4015.26,-0.00
4015.26,-0.00
4015.25,-0.00
4015.25,-0.00
4015.25,-0.00
4015.25,-0.00
4015.25,-0.00
4015.24,-0.00
4015.24,-0.00
4015.24,-0.00
4015.24,-0.00
4015.23,-0.00
4015.23,-0.00
4015.23,-0.00
4015.23,-0.00
4015.23,-0.00
4015.23,-0.00
4015.22,-0.00
4015.22,-0.00
4015.22,-0.00
4015.22,-0.00
4015.22,-0.00
4015.21,-0.00
4015.21,-0.00
4015.21,-0.00
4015.20,-0.00
4015.20,-0.00
4015.20,-0.00
4015.19,-0.00
4015.19,-0.00
4015.19,-0.01
4015.18,-0.01
4015.17,-0.01
4015.16,-0.02
4015.15,-0.02
4015.12,-0.02
4015.10,-0.01
4015.09,-0.01
4015.08,-0.01
4015.07,-0.01
4015.05,-0.01
4015.04,-0.01
4015.03,-0.02
4015.01,-0.02
4014.99,-0.02
4014.98,-0.01
4014.96,-0.01
4014.95,-0.01
4014.94,-0.03
4014.91,-0.02
4014.89,-0.02
4014.87,-0.02
4014.84,-0.02
4014.82,-0.03
4014.80,-0.07
4014.72,-0.10
4014.63,-0.13
4014.50,-0.16
4014.34,-0.14
4014.20,-0.04
4014.16,-0.04
4014.12,-0.04
4014.09,-0.03
4014.05,-0.03
4014.02,-0.03
4013.99,-0.05
4013.94,-0.05
4013.89,-0.05
4013.83,-0.06
4013.78,-0.06
4013.71,-0.13
4013.58,-0.12
4013.47,-0.03
4013.44,-0.01
4013.43,-0.00
4013.43,0.00
4013.43,0.00
4013.43,0.00
4013.43,0.00
4013.43,0.00
4013.43,0.00
4013.44,0.00
4013.44,0.00
4013.44,0.00
4013.44,0.01
4013.45,0.01
4013.46,0.01
4013.46,0.01
4013.47,0.01
4013.47,0.00
4013.48,0.00
4013.48,0.01
4013.49,0.02
4013.51,0.02
4013.53,0.02
4013.54,0.02
4013.56,0.02
4013.59,0.02
4013.61,0.02
4013.63,0.02
4013.66,0.02
4013.68,0.04
4013.72,0.04
4013.75,0.03
4013.78,0.03
4013.81,0.03
4013.83,0.03
4013.86,0.03
4013.89,0.07
4013.96,0.05
4014.01,0.05
4014.07,0.05
4014.12,0.05
4014.17,0.12
4014.29,0.09
4014.38,0.08
4014.46,0.07
4014.53,0.03
4014.56,0.02
4014.57,0.01
4014.58,0.01
4014.59,0.01
4014.59,0.01
4014.60,0.01
4014.61,0.02
4014.63,0.02
4014.65,0.02
4014.68,0.02
4014.70,0.02
4014.72,0.04
4014.77,0.04
4014.81,0.04
4014.85,0.05
4014.90,0.05
4014.95,0.07
4015.01,0.07
4015.08,0.06
4015.14,0.06
4015.20,0.06
4015.26,0.14
4015.39,0.05
4015.44,-0.01
4015.44,-0.03
4015.41,-0.01
4015.40,-0.01
4015.38,-0.02
4015.37,-0.02
4015.35,-0.02
4015.33,-0.02
4015.30,-0.02
4015.28,-0.02
4015.27,-0.02
4015.25,-0.01
4015.24,-0.02
4015.21,-0.02
4015.20,-0.01
4015.19,-0.01
4015.18,-0.01
4015.16,-0.03
4015.14,-0.04
4015.10,-0.06
4015.03,-0.09
4014.94,-0.12
4014.82,-0.28
4014.53,-0.23
4014.30,-0.09
4014.21,-0.09
4014.12,-0.09
4014.03,-0.09
4013.94,-0.08
4013.86,-0.08
4013.78,-0.11
4013.67,-0.10
4013.57,-0.09
4013.48,-0.09
4013.39,-0.09
4013.30,-0.08
4013.21,-0.15
4013.07,-0.15
4012.92,-0.15
4012.77,-0.16
4012.61,-0.18
4012.43,-0.20
4012.23,-0.78
4011.46,-0.40
4011.05,0.00
4011.05,0.00
4011.06,0.00
4011.06,0.01
4011.07,0.01
4011.07,0.01
4011.08,0.01
4011.09,0.01
4011.10,0.01
4011.12,0.01
4011.13,0.03
4011.16,0.03
4011.19,0.02
4011.21,0.02
4011.23,0.04
4011.27,0.02
4011.29,0.01
4011.30,0.00
4011.31,0.00
4011.31,0.00
4011.31,0.00
4011.31,0.00
4011.31,0.00
4011.32,0.00
4011.32,0.00
4011.32,0.00
4011.32,0.00
4011.32,0.00
4011.32,0.00
4011.33,0.00
4011.33,0.00
4011.33,0.00
4011.34,0.00
4011.34,-0.00
4011.34,-0.01
4011.33,-0.01
4011.32,-0.01
4011.31,-0.01
4011.31,-0.01
4011.30,-0.00
4011.29,-0.00
4011.29,-0.00
4011.29,0.00
4011.29,0.00
4011.30,-0.00
4011.30,-0.01
4011.29,-0.02
4011.27,-0.04
4011.23,-0.16
4011.07,-0.17
4010.90,-0.07
4010.83,-0.09
4010.74,-0.09
4010.65,-0.09
4010.56,-0.09
4010.47,-0.16
4010.31,-0.15
4010.15,-0.14
4010.01,-0.14
4009.87,-0.13
4009.74,-0.25
4009.49,-0.29
4009.19,-0.35
4008.85,-0.42
4008.43,-1.04
4007.39,-0.94
4006.46,-0.66
4005.80,-0.66
4005.14,-0.71
4004.43,-0.81
4003.62,-0.45
4003.17,-0.08
4003.09,-0.05
4003.05,-0.03
4003.02,-0.02
4003.01,-0.02
4002.98,-0.02
4002.96,-0.02
4002.93,-0.02
4002.91,-0.02
4002.89,-0.02
4002.87,-0.02
4002.84,-0.04
4002.80,-0.04
4002.76,-0.04
4002.72,-0.04
4002.68,-0.06
4002.62,-0.05
4002.57,-0.05
4002.52,-0.03
4002.49,-0.02
4002.47,0.01
4002.49,0.04
4002.53,0.07
4002.60,0.08
4002.67,0.12
4002.79,0.12
4002.92,0.12
4003.04,0.12
4003.17,0.18
4003.35,0.18
4003.53,0.18
4003.71,0.18
4003.89,0.18
4004.07,0.18
4004.25,0.18
4004.43,0.18
4004.61,0.18
4004.78,0.17
4004.96,0.28
4005.23,0.27
4005.50,0.26
4005.77,0.26
4006.03,0.25
4006.27,0.42
4006.70,0.40
4007.09,0.04
4007.14,0.05
4007.19,0.06
4007.24,0.06
4007.30,0.06
4007.37,0.19
4007.56,0.19
4007.75,0.20
4007.95,0.20
4008.14,0.20
4008.34,0.33
4008.67,0.33
4009.00,0.33
4009.33,0.33
4009.65,0.32
4009.97,0.47
4010.44,0.46
4010.90,0.43
4011.34,0.39
4011.73,0.53
4012.26,0.41
4012.67,0.29
4012.97,0.06
4013.02,0.06
4013.08,0.06
4013.14,0.06
4013.19,0.06
4013.25,0.13
4013.39,0.15
4013.54,0.16
4013.70,0.16
4013.86,0.16
4014.02,0.20
4014.21,0.16
4014.37,0.11
4014.48,0.04
4014.52,-0.05
4014.47,-0.52
4013.95,-0.27
4013.68,-0.31
4013.37,-0.32
4013.05,-0.30
4012.75,-0.27
4012.48,-0.39
4012.09,-0.37
4011.72,-0.37
4011.35,-0.39
4010.96,-0.43
4010.53,-0.98
4009.55,-1.27
4008.28,-1.54
4006.74,-1.30
4005.44,-1.06
4004.37,-1.04
4003.33,-1.14
4002.19,-1.19
4001.00,-1.30
3999.70,-0.81
3998.88,-0.17
3998.72,-0.07
3998.65,-0.01
3998.64,-0.00
3998.63,-0.01
3998.62,-0.02
3998.61,-0.02
3998.59,-0.02
3998.57,-0.02
3998.55,-0.03
3998.52,-0.04
3998.48,-0.04
3998.45,-0.01
3998.44,0.00
3998.44,0.00
3998.44,0.00
3998.44,0.00
3998.44,0.00
3998.44,0.00
3998.44,0.00
3998.44,0.01
3998.45,0.01
3998.46,0.01
3998.47,0.01
3998.49,0.02
3998.50,0.03
3998.53,0.03
3998.56,0.04
3998.60,0.04
3998.64,0.04
3998.68,0.12
3998.80,0.14
3998.95,0.15
3999.10,0.16
3999.26,0.78
4000.04,0.71
4000.75,0.56
4001.31,0.40
4001.71,0.81
4002.52,1.35
4003.87,3.21
4007.09,5.57
4012.66,7.59
4020.25,12.80
4033.05,13.48
4046.53,12.77
4059.29,11.30
4070.59,9.40
4079.99,7.32
4087.31,6.97
4094.29,3.67
4097.96,1.32
4099.27,-0.23
4099.04,-1.20
4097.84,-1.74
4096.10,-2.05
4094.05,-1.58
4092.47,0.00
4092.48,0.00
4092.48,0.00
4092.49,0.01
4092.50,0.01
4092.51,0.01
4092.52,0.04
4092.56,0.04
4092.59,0.03
4092.63,0.09
4092.72,0.07
4092.79,0.05
4092.84,0.03
4092.88,0.03
4092.91,0.01
4092.92,0.00
4092.92,-0.00
4092.92,-0.00
4092.92,-0.00
4092.92,-0.00
4092.91,-0.00
4092.91,-0.01
4092.90,-0.01
4092.90,-0.00
4092.89,-0.00
4092.89,-0.00
4092.88,-0.01
4092.88,-0.01
4092.87,-0.01
4092.86,-0.01
4092.86,-0.01
4092.85,-0.01
4092.84,-0.01
4092.84,-0.01
4092.83,-0.01
4092.83,-0.01
4092.82,-0.00
4092.82,-0.01
4092.81,-0.01
4092.80,-0.01
4092.79,-0.01
4092.78,-0.01
4092.77,-0.02
4092.75,-0.02
4092.73,-0.02
4092.72,-0.02
4092.70,-0.02
4092.68,-0.02
4092.65,-0.01
4092.65,-0.01
4092.64,-0.01
4092.63,-0.01
4092.62,-0.01
4092.62,-0.01
4092.60,-0.01
4092.59,-0.01
4092.58,-0.01
4092.57,-0.01
4092.56,-0.01
4092.55,-0.01
4092.54,-0.01
4092.52,-0.01
4092.51,-0.01
4092.50,-0.04
4092.46,-0.04
4092.42,-0.04
4092.38,-0.05
4092.33,-0.01
4092.32,-0.01
4092.30,-0.01
4092.29,-0.01
4092.28,-0.01
4092.26,-0.02
4092.25,-0.02
4092.23,-0.02
4092.21,-0.02
4092.20,-0.01
4092.18,-0.03
4092.15,-0.03
4092.12,-0.03
4092.09,-0.03
4092.06,-0.03
4092.03,-0.04
4091.99,-0.05
4091.94,-0.02
4091.92,-0.01
4091.90,-0.01
4091.89,-0.01
4091.88,-0.01
4091.86,-0.02
4091.85,-0.02
4091.83,-0.02
4091.81,-0.01
4091.80,-0.01
4091.78,-0.03
4091.76,-0.03
4091.73,-0.03
4091.70,-0.03
4091.66,-0.04
4091.62,-0.03
4091.59,-0.01
4091.57,-0.01
4091.56,-0.01
4091.55,-0.01
4091.55,-0.01
4091.54,-0.01
4091.52,0.00
4091.53,0.01
4091.53,0.01
4091.54,0.01
4091.55,0.01
4091.56,0.01
4091.57,0.01
4091.58,0.01
4091.59,0.01
4091.60,0.01
4091.60,0.03
4091.63,0.02
4091.66,0.02
4091.67,0.01
4091.68,0.01
4091.69,0.01
4091.70,0.01
4091.71,0.01
4091.72,0.01
4091.73,0.01
4091.74,0.01
4091.76,0.01
4091.77,0.01
4091.78,0.02
4091.80,0.02
4091.82,0.02
4091.84,0.02
4091.85,0.02
4091.87,0.02
4091.89,0.02
4091.91,0.02
4091.93,0.02
4091.95,0.01
4091.96,0.00
4091.97,0.00
4091.97,0.00
4091.97,0.00
4091.98,0.00
4091.98,0.01
4091.99,0.01
4091.99,0.01
4092.00,0.01
4092.00,0.01
4092.01,0.01
4092.02,0.01
4092.03,0.01
4092.04,0.01
4092.05,0.01
4092.06,0.01
4092.07,0.01
4092.08,0.01
4092.08,0.01
4092.09,0.01
4092.10,0.02
4092.12,0.02
4092.14,0.00
4092.14,0.00
4092.14,0.00
4092.14,0.00
4092.15,0.01
4092.15,0.01
4092.16,0.01
4092.17,0.01
4092.17,0.01
4092.18,0.01
4092.20,0.01
4092.21,0.03
4092.24,0.02
4092.26,0.02
4092.28,0.01
4092.29,0.02
4092.31,0.01
4092.32,0.01
4092.32,0.00
4092.33,0.00
4092.33,0.00
4092.33,0.00
4092.33,-0.00
4092.33,-0.00
4092.33,-0.00
4092.33,-0.00
4092.33,-0.00
4092.33,-0.00
4092.33,-0.00
4092.33,-0.00
4092.33,-0.00
4092.32,-0.00
4092.32,-0.00
4092.32,-0.00
4092.32,-0.00
4092.32,-0.00
4092.31,-0.00
4092.31,-0.00
4092.31,-0.01
4092.30,-0.01
4092.29,-0.04
4092.25,-0.05
4092.20,-0.05
4092.14,-0.04
4092.10,-0.04
4092.06,-0.03
4092.03,-0.02
4092.00,-0.02
4091.98,-0.01
4091.97,-0.02
4091.95,-0.04
4091.91,-0.08
4091.83,-0.13
4091.70,-0.20
4091.50,-0.83
4090.67,-0.40
4090.27,-0.41
4089.86,-0.40
4089.46,-0.38
4089.08,-0.37
4088.71,-0.51
4088.20,-0.53
4087.67,-0.57
4087.10,-0.62
4086.48,-0.70
4085.78,-1.90
4083.88,-1.92
4081.96,-1.66
4080.30,-1.62
4078.68,-1.78
4076.90,-2.07
4074.84,-0.97
4073.87,-0.25
4073.62,-0.18
4073.44,-0.12
4073.33,-0.08
4073.25,-0.12
4073.13,-0.10
4073.03,-0.10
4072.93,-0.10
4072.82,-0.09
4072.73,-0.11
4072.62,-0.07
4072.55,-0.08
4072.47,-0.08
4072.38,-0.25
4072.13,-0.24
4071.90,-0.25
4071.65,-0.26
4071.39,-0.07
4071.32,0.04
4071.36,0.20
4071.56,0.29
4071.84,0.31
4072.15,0.32
4072.48,0.32
4072.80,0.32
4073.12,0.32
4073.44,0.32
4073.76,0.57
4074.33,0.57
4074.90,0.43
4075.34,0.43
4075.77,0.43
4076.19,0.42
4076.62,0.42
4077.04,0.64
4077.68,0.63
4078.31,0.62
4078.92,0.60
4079.52,0.59
4080.11,0.36
4080.47,0.15
4080.62,0.18
4080.80,0.21
4081.01,0.22
4081.23,0.23
4081.45,0.23
4081.68,0.35
4082.03,0.35
4082.39,0.36
4082.74,0.36
4083.10,0.36
4083.46,0.85
4084.31,0.85
4085.16,0.84
4086.01,0.84
4086.84,0.82
4087.66,1.22
4088.88,1.18
4090.06,1.12
4091.19,1.06
4092.24,0.98
4093.22,1.78
4095.00,0.41
4095.40,0.43
4095.84,0.45
4096.29,0.45
4096.75,0.45
4097.20,0.79
4097.98,0.78
4098.77,0.76
4099.53,0.73
4100.26,0.67
4100.93,1.06
4101.99,0.80
4102.79,0.41
4103.20,-0.04
4103.16,-0.03
4103.13,-0.04
4103.09,-0.04
4103.04,-0.09
4102.95,-0.10
4102.85,-0.11
4102.74,-0.12
4102.62,-0.27
4102.35,-0.36
4101.99,-0.50
4101.49,-0.67
4100.82,-0.88
4099.94,-1.65
4098.29,-0.56
4097.72,-0.46
4097.26,-0.42
4096.84,-0.43
4096.41,-0.45
4095.96,-0.74
4095.22,-0.77
4094.45,-0.80
4093.64,-0.84
4092.80,-0.88
4091.92,-1.67
4090.25,-1.15
4089.10,-0.29
4088.80,-0.19
4088.61,-0.11
4088.50,-0.07
4088.44,-0.06
4088.38,-0.09
4088.29,-0.10
4088.19,-0.10
4088.10,-0.11
4087.99,0.00
4087.99,0.00
4087.99,0.00
4087.99,0.00
4087.99,0.00
4088.00,0.01
4088.00,0.01
4088.01,0.02
4088.03,0.03
4088.06,0.03
4088.09,0.03
4088.12,0.04
4088.16,0.04
4088.20,0.04
4088.24,0.08
4088.32,0.09
4088.41,0.10
4088.51,0.11
4088.61,0.11
4088.73,0.12
4088.85,0.37
4089.22,0.41
4089.62,0.44
4090.06,0.46
4090.53,0.48
4091.01,0.49
4091.50,1.31
4092.81,1.26
4094.07,1.17
4095.24,1.04
4096.28,0.90
4097.18,3.08
4100.25,1.81
4102.06,4.32
4106.39,9.40
4115.78,14.75
4130.53,24.65
4155.19,28.13
4183.32,28.90
4212.22,27.93
4240.14,25.68
4265.82,22.43
4288.25,28.03
4316.28,18.16
4334.43,9.92
4344.35,3.84
4348.19,-0.29
4347.90,-2.86
4345.05,-4.43
4340.62,-5.09
4335.52,-5.28
4330.25,-5.23
4325.02,-5.07
4319.95,-4.88
4315.06,-6.03
4309.03,-5.78
4303.25,-4.52
4298.73,-4.41
4294.32,-4.30
4290.02,-4.21
4285.80,-4.13
4281.67,-4.05
4277.62,-4.97
4272.65,-4.85
4267.80,-4.73
4263.06,-4.62
4258.45,-4.50
4253.94,-4.39
4249.55,-4.28
4245.28,-5.55
4239.72,-5.36
4234.36,-5.18
4229.18,-5.00
4224.18,-4.82
4219.36,-4.66
4214.70,-8.02
4206.68,-7.52
4199.17,-0.66
4198.51,0.00
4198.51,0.00
4198.51,0.00
4198.51,0.00
4198.51,0.00
4198.51,0.00
4198.51,0.00
4198.51,0.00
4198.51,0.00
4198.51,0.00
4198.51,0.00
4198.51,0.00
4198.51,0.00
4198.51,0.00
4198.51,0.00
4198.51,0.00
4198.51,0.00
4198.51,0.00
4198.52,0.00
4198.52,0.00
4198.52,0.00
4198.52,0.00
4198.52,0.00
4198.52,0.00
4198.52,0.00
4198.52,-0.00
4198.52,-0.00
4198.52,-0.00
4198.52,-0.00
4198.52,-0.00
4198.52,0.00
4198.52,0.00
4198.52,0.00
4198.52,0.00
4198.52,0.00
4198.52,0.00
4198.52,-0.00
4198.52,-0.00
4198.52,-0.00
4198.52,-0.00
4198.52,-0.00
4198.52,-0.00
4198.52,-0.00
4198.52,-0.00
4198.52,-0.00
4198.52,-0.00
4198.52,-0.00
4198.51,-0.00
4198.51,-0.00
4198.51,-0.00
4198.51,-0.00
4198.51,-0.00
4198.51,-0.00
4198.51,-0.00
4198.51,-0.00
4198.51,-0.00
4198.51,-0.00
4198.51,-0.00
4198.51,-0.00
4198.51,-0.00
4198.51,-0.00
4198.51,-0.00
4198.51,-0.00
4198.51,-0.00
4198.51,-0.00
4198.51,-0.00
4198.51,-0.00
4198.51,0.00
4198.51,0.00
4198.51,0.00
4198.51,0.00
4198.51,0.00
4198.51,0.00
4198.51,0.00
4198.51,0.00
4198.51,0.00
4198.51,0.00
4198.51,0.00
4198.51,0.00
4198.51,0.00
4198.51,0.00
4198.51,0.00
4198.51,0.00
4198.51,0.00
4198.51,0.00
4198.52,0.00
4198.52,0.00
4198.52,0.00
4198.53,0.00
4198.53,0.01
4198.54,0.01
4198.55,0.01
4198.56,0.01
4198.57,0.06
4198.63,0.06
4198.68,0.05
4198.73,0.04
4198.77,0.13
4198.90,0.16
4199.06,0.53
4199.59,0.89
4200.48,1.05
4201.52,1.03
4202.56,0.97
4203.52,0.79
4204.32,0.61
4204.93,0.43
4205.36,0.28
4205.64,0.16
4205.79,0.07
4205.86,-0.04
4205.82,-0.11
4205.72,-0.14
4205.57,-0.15
4205.42,-0.15
4205.27,-0.19
4205.07,-0.14
4204.94,-0.13
4204.81,-0.10
4204.70,-0.10
4204.60,-0.10
4204.50,-0.10
4204.40,-0.10
4204.31,-0.11
4204.19,-0.11
4204.08,-0.11
4203.97,-0.11
4203.86,-0.11
4203.76,-0.10
4203.65,-0.14
4203.51,-0.14
4203.38,-0.13
4203.25,-0.13
4203.12,-0.13
4202.99,-0.12
4202.87,-0.40
4202.47,-0.26
4202.21,-0.24
4201.97,-0.23
4201.75,-0.21
4201.53,-0.04
4201.50,0.00
4201.50,0.00
4201.50,0.00
4201.50,0.00
4201.50,0.00
4201.50,0.00
4201.50,0.00
4201.50,0.00
4201.50,0.00
4201.50,0.00
4201.50,0.00
4201.51,0.00
4201.51,0.01
4201.51,0.01
4201.52,0.01
4201.53,0.01
4201.54,0.01
4201.55,0.02
4201.57,0.02
4201.59,0.02
4201.61,0.03
4201.64,0.03
4201.67,0.09
4201.76,0.10
4201.85,0.11
4201.96,0.11
4202.07,0.46
4202.53,0.41
4202.94,0.32
4203.26,0.23
4203.49,0.54
4204.03,1.07
4205.10,2.63
4207.74,4.37
4212.11,5.55
4217.66,7.15
4224.80,6.80
4231.61,5.95
4237.56,4.90
4242.46,3.78
4246.24,2.68
4248.92,2.17
4251.08,0.82
4251.90,-0.07
4251.84,-0.60
4251.24,-0.88
4250.37,-0.99
4249.38,-1.10
4248.28,-1.08
4247.20,-1.04
4246.16,-0.83
4245.33,-0.80
4244.53,-0.78
4243.76,-0.02
4243.73,0.00
4243.73,0.00
4243.73,0.00
4243.73,0.00
4243.73,0.00
4243.73,0.00
4243.73,0.00
4243.73,0.00
4243.73,0.00
4243.73,0.00
4243.74,0.00
4243.74,0.00
4243.74,0.00
4243.74,0.00
4243.74,0.00
4243.74,0.00
4243.75,0.00
4243.75,0.00
4243.75,0.00
4243.76,0.01
4243.77,0.01
4243.78,0.01
4243.79,0.01
4243.80,0.05
4243.86,0.05
4243.91,0.04
4243.95,0.03
4243.98,0.07
4244.05,0.11
4244.16,0.30
4244.45,0.52
4244.97,0.66
4245.63,0.74
4246.37,0.68
4247.05,0.58
4247.63,0.47
4248.10,0.36
4248.45,0.25
4248.70,0.20
4248.90,0.07
4248.97,-0.02
4248.95,-0.07
4248.89,-0.09
4248.79,-0.10
4248.69,-0.12
4248.57,-0.12
4248.46,-0.11
4248.34,-0.08
4248.26,-0.08
4248.18,-0.08
4248.10,-0.08
4248.02,-0.07
4247.95,-0.08
4247.87,-0.08
4247.79,-0.08
4247.71,-0.08
4247.63,-0.08
4247.56,-0.07
4247.48,-0.09
4247.39,-0.09
4247.29,-0.09
4247.20,-0.09
4247.12,-0.09
4247.03,-0.08
4246.95,-0.16
4246.78,-0.16
4246.63,-0.15
4246.48,-0.14
4246.34,-0.13
4246.20,-0.19
4246.01,-0.18
4245.83,-0.17
4245.66,-0.15
4245.51,-0.14
4245.37,0.00
4245.37,0.00
4245.37,0.00
4245.37,0.00
4245.37,0.00
4245.37,0.00
4245.37,0.00
4245.37,0.00
4245.37,0.00
4245.37,0.00
4245.37,0.00
4245.38,0.00
4245.38,0.00
4245.38,0.00
4245.38,0.00
4245.39,0.00
4245.39,0.00
4245.39,0.00
4245.40,0.01
4245.41,0.01
4245.42,0.02
4245.44,0.02
4245.46,0.02
4245.48,0.02
4245.50,0.05
4245.55,0.05
4245.60,0.06
4245.66,0.06
4245.72,0.07
4245.78,0.07
4245.85,0.22
4246.07,0.23
4246.30,0.22
4246.52,0.21
4246.74,0.20
4246.94,0.18
4247.12,0.16
4247.28,0.21
4247.49,0.17
4247.66,0.13
4247.80,0.11
4247.91,0.09
4248.00,0.09
4248.10,0.51
4248.60,1.10
4249.70,1.97
4251.67,2.88
4254.55,3.67
4258.22,7.73
4265.95,8.30
4274.25,7.87
4282.12,6.87
4288.99,5.61
4294.60,4.28
4298.88,3.81
4302.70,1.91
4304.61,0.56
4305.17,-0.31
4304.85,-0.81
4304.04,-1.05
4302.99,-1.21
4301.78,-1.24
4300.54,-1.21
4299.33,-1.17
4298.16,-1.12
4297.04,-1.08
4295.96,-1.28
4294.68,-1.23
4293.45,-0.96
4292.50,-0.93
4291.56,-0.92
4290.65,-0.90
4289.75,-0.88
4288.87,-0.87
4288.00,-1.00
4287.00,-0.98
4286.02,-0.96
4285.06,-0.94
4284.12,-0.92
4283.20,-0.90
4282.30,-2.09
4280.21,-1.98
4278.23,-1.87
4276.37,-1.76
4274.60,-1.66
4272.94,-2.76
4270.18,-2.49
4267.68,-2.25
4265.43,-2.03
4263.41,-3.61
4259.80,-2.90
4256.91,-2.32
4254.59,-1.86
4252.73,-0.21
4252.52,0.00
4252.52,0.00
4252.52,0.00
4252.52,0.00
4252.52,0.00
4252.52,0.00
4252.52,0.00
4252.52,0.00
4252.52,0.00
4252.52,0.00
4252.52,0.00
4252.52,0.00
4252.52,0.00
4252.52,0.00
4252.52,0.00
4252.52,0.00
4252.52,0.00
4252.52,0.00
4252.52,0.00
4252.52,0.00
4252.52,0.00
4252.52,0.00
4252.52,0.00
4252.52,0.00
4252.52,0.00
4252.52,0.00
4252.52,0.00
4252.52,0.00
4252.52,0.00
4252.52,0.00
4252.52,0.00
4252.52,0.00
4252.52,0.00
4252.52,0.00
4252.52,0.00
4252.52,-0.00
4252.52,-0.00
4252.52,-0.00
4252.52,-0.00
4252.52,-0.00
4252.52,-0.00
4252.52,-0.00
4252.52,-0.00
4252.52,-0.00
4252.52,-0.00
4252.52,-0.00
4252.52,-0.00
4252.52,-0.00
4252.52,-0.00
4252.52,-0.00
4252.52,-0.00
4252.52,-0.00
4252.52,-0.00
4252.52,-0.00
4252.52,-0.00
4252.52,-0.00
4252.52,-0.00
4252.52,-0.00
4252.52,-0.00
4252.52,-0.00
4252.52,-0.00
4252.52,0.00
4252.52,0.00
4252.52,0.00
4252.52,0.00
4252.52,0.00
4252.52,0.00
4252.52,0.00
4252.52,0.00
4252.52,0.00
4252.52,0.00
4252.52,0.00
4252.52,0.00
4252.52,0.00
4252.52,0.00
4252.52,0.00
4252.52,0.00
4252.52,0.00
4252.52,0.00
4252.52,0.00
4252.52,0.00
4252.53,0.00
4252.53,0.00
4252.53,0.01
4252.54,0.01
4252.54,0.01
4252.55,0.01
4252.56,0.03
4252.59,0.03
4252.62,0.02
4252.64,0.02
4252.66,0.04
4252.69,0.08
4252.77,0.20
4252.97,0.33
4253.30,0.41
4253.71,0.49
4254.20,0.45
4254.64,0.38
4255.02,0.31
4255.33,0.23
4255.56,0.16
4255.73,0.13
4255.86,0.04
4255.90,-0.01
4255.89,-0.04
4255.84,-0.06
4255.78,-0.07
4255.72,-0.08
4255.64,-0.08
4255.57,-0.07
4255.49,-0.05
4255.44,-0.05
4255.39,-0.05
4255.34,-0.05
4255.29,-0.05
4255.24,-0.05
4255.19,-0.05
4255.14,-0.05
4255.09,-0.05
4255.04,-0.05
4254.99,-0.05
4254.94,-0.06
4254.88,-0.06
4254.82,-0.01
4254.81,0.00
4254.81,0.00
4254.81,0.00
4254.81,0.00
4254.81,0.00
4254.81,0.00
4254.81,0.00
4254.81,0.00
4254.81,0.00
4254.81,0.00
4254.81,0.00
4254.82,0.00
4254.82,0.01
4254.82,0.01
4254.83,0.01
4254.84,0.01
4254.85,0.01
4254.87,0.01
4254.88,0.03
4254.91,0.04
4254.95,0.04
4255.00,0.05
4255.05,0.05
4255.10,0.06
4255.16,0.14
4255.30,0.15
4255.45,0.17
4255.62,0.18
4255.80,0.19
4255.98,0.19
4256.18,0.54
4256.72,0.55
4257.27,0.55
4257.82,0.53
4258.35,0.50
4258.84,1.98
4260.83,1.00
4261.83,0.68
4262.50,1.25
4263.75,2.48
4266.23,8.59
4274.82,13.72
4288.54,17.31
4305.85,18.89
4324.75,18.74
4343.49,20.40
4363.89,17.28
4381.17,13.63
4394.80,10.00
4404.80,6.73
4411.52,4.44
4415.96,1.67
4417.63,-0.25
4417.38,-1.49
4415.89,-2.21
4413.68,-3.11
4410.57,-3.29
4407.28,-3.27
4404.01,-3.17
4400.84,-3.05
4397.80,-2.34
4395.45,-2.28
4393.18,-2.22
4390.96,-2.16
4388.79,-2.12
4386.67,-2.47
4384.20,-2.42
4381.78,-2.38
4379.40,-2.34
4377.06,-2.30
4374.76,-2.26
4372.50,-2.78
4369.73,-2.72
4367.01,-2.66
4364.35,-2.60
4361.75,-2.54
4359.21,-2.49
4356.72,-5.24
4351.48,-4.98
4346.50,-4.73
4341.77,-4.49
4337.28,-4.26
4333.01,-5.95
4327.06,-5.51
4321.55,-5.10
4316.45,-4.72
4311.73,-10.14
4301.59,-8.37
4293.23,-4.65
4288.58,0.00
4288.58,0.00
4288.58,0.00
4288.58,0.00
4288.58,0.00
4288.58,0.00
4288.58,0.00
4288.58,0.00
4288.58,0.00
4288.58,0.00
4288.58,0.00
4288.58,0.00
4288.58,0.00
4288.58,0.00
4288.58,0.00
4288.58,0.00
4288.58,0.00
4288.58,0.00
4288.58,0.00
4288.58,0.00
4288.58,0.00
4288.58,0.00
4288.59,0.00
4288.59,0.00
4288.59,0.00
4288.59,0.00
4288.59,0.00
4288.59,0.00
4288.60,0.01
4288.61,0.01
4288.62,0.02
4288.64,0.02
4288.66,0.03
4288.68,0.02
4288.70,0.02
4288.72,0.01
4288.73,0.01
4288.74,0.00
4288.74,-0.00
4288.74,-0.00
4288.74,-0.00
4288.73,-0.00
4288.73,-0.00
4288.73,-0.00
4288.72,-0.00
4288.72,-0.00
4288.72,-0.00
4288.72,-0.00
4288.71,-0.00
4288.71,-0.00
4288.71,-0.00
4288.71,-0.00
4288.70,-0.00
4288.70,-0.00
4288.70,-0.00
4288.70,-0.00
4288.70,-0.00
4288.69,-0.00
4288.69,-0.00
4288.69,-0.00
4288.69,-0.00
4288.68,-0.00
4288.68,-0.00
4288.68,-0.00
4288.67,-0.00
4288.67,-0.01
4288.66,-0.01
4288.65,-0.01
4288.65,-0.01
4288.64,-0.00
4288.64,-0.00
4288.63,-0.00
4288.63,-0.00
4288.63,-0.01
4288.62,-0.01
4288.61,-0.00
4288.61,-0.00
4288.60,-0.00
4288.60,-0.01
4288.59,-0.00
4288.59,-0.00
4288.59,-0.00
4288.58,-0.00
4288.58,0.00
4288.58,0.00
4288.58,0.00
4288.58,0.00
4288.58,0.00
4288.58,0.00
4288.58,0.00
4288.58,0.00
4288.58,0.00
4288.58,0.00
4288.58,0.00
4288.58,0.00
4288.58,0.00
4288.58,0.00
4288.58,0.00
4288.58,0.00
4288.58,0.00
4288.58,0.00
4288.58,0.00
4288.58,0.00
4288.58,0.00
4288.58,0.00
4288.58,0.00
4288.58,0.00
4288.58,0.00
4288.58,0.00
4288.58,0.00
4288.58,0.00
4288.58,0.00
4288.58,0.00
4288.58,0.00
4288.58,0.00
4288.58,0.00
4288.58,0.00
4288.58,-0.00
4288.58,-0.00
4288.58,-0.00
4288.58,-0.00
4288.58,-0.00
4288.58,-0.00
4288.58,-0.00
4288.58,-0.00
4288.58,-0.00
4288.58,-0.00
4288.58,-0.00
4288.58,-0.00
4288.58,-0.00
4288.58,-0.00
4288.58,-0.00
4288.58,-0.00
4288.58,-0.00
4288.58,-0.00
4288.58,-0.00
4288.58,-0.00
4288.58,-0.00
4288.58,-0.00
4288.58,-0.00
4288.58,-0.00
4288.58,-0.00
4288.58,-0.00
4288.58,-0.00
4288.58,-0.00
4288.58,-0.00
4288.58,-0.00
4288.58,0.00
4288.58,0.00
4288.58,0.00
4288.58,0.00
4288.58,0.00
4288.58,0.00
4288.58,0.00
4288.58,0.00
4288.58,0.00
4288.58,0.00
4288.58,0.00
4288.58,0.00
4288.59,0.00
4288.59,0.00
4288.59,0.00
4288.59,0.00
4288.59,0.00
4288.59,0.00
4288.60,0.01
4288.60,0.01
4288.61,0.01
4288.62,0.01
4288.63,0.01
4288.64,0.01
4288.65,0.03
4288.68,0.03
4288.70,0.03
4288.74,0.03
4288.77,0.04
4288.80,0.04
4288.84,0.10
4288.94,0.11
4289.05,0.11
4289.16,0.11
4289.27,0.10
4289.37,0.10
4289.46,0.27
4289.73,0.19
4289.92,0.12
4290.04,0.09
4290.13,0.10
4290.23,0.61
4290.84,1.47
4292.31,2.47
4294.77,3.26
4298.03,3.69
4301.72,4.77
4306.49,4.40
4310.89,3.74
4314.63,2.97
4317.60,2.21
4319.81,1.51
4321.32,1.14
4322.46,0.33
4322.80,-0.18
4322.62,-0.48
4322.14,-0.63
4321.51,-0.68
4320.83,-0.79
4320.04,-0.76
4319.28,-0.61
4318.67,-0.59
4318.08,-0.57
4317.52,-0.45
4317.07,-0.43
4316.64,-0.43
4316.21,-0.42
4315.79,-0.41
4315.38,-0.51
4314.87,-0.50
4314.37,-0.49
4313.88,-0.48
4313.39,-0.48
4312.92,-0.47
4312.45,-0.56
