time       throttle      WW       speed     torque     gear
0.000000	2600.000000	0.000000	0.000000	1000.000000	1000
0.040000	2600.000000	0.000000	10.608999	1370.243953	1000
0.080000	2600.000000	0.000000	27.746553	1661.601693	1000
0.120000	2600.000000	0.000000	50.585475	1870.799326	1000
0.160000	2600.000000	0.000000	77.601813	2012.894191	1000
0.200000	2600.000000	0.000000	107.532617	2103.125217	1000
0.240000	2600.000000	0.000000	139.169968	2157.072453	1000
0.280000	2600.000000	0.000000	171.455731	2188.650565	1000
0.320000	2600.000000	0.000000	203.602863	2207.473033	1000
0.360000	2600.000000	0.000000	235.231166	2219.264654	1000
0.400000	2600.000000	0.000000	265.967948	2230.257724	1000
0.440000	2600.000000	0.000000	295.808346	2241.130137	1000
0.480000	2600.000000	0.000000	324.641346	2252.745230	1000
0.520000	2600.000000	0.000000	352.408721	2265.355391	1000
0.560000	2600.000000	0.000000	379.201715	2278.318947	1000
0.600000	2600.000000	0.000000	404.973584	2293.505514	1000
0.640000	2600.000000	0.000000	429.802845	2310.649247	1000
0.680000	2600.000000	0.000000	453.809415	2328.491454	1000
0.720000	2600.000000	0.000000	477.032223	2347.155005	1000
0.760000	2600.000000	0.000000	499.446619	2368.165379	1000
0.800000	2600.000000	0.000000	521.172273	2390.085807	1000
0.840000	2600.000000	0.000000	542.287590	2411.946228	1000
0.880000	2600.000000	0.000000	562.832744	2432.999825	1000
0.920000	2600.000000	0.000000	582.775950	2454.419614	1000
0.960000	2600.000000	0.000000	602.140849	2476.363443	1000
1.000000	2600.000000	0.000000	620.988404	2498.118696	1000
1.040000	2600.000000	0.000000	639.357047	2519.361738	1000
1.080000	2600.000000	0.000000	657.273827	2539.957256	1000
1.120000	2600.000000	0.000000	674.759772	2559.860940	1000
1.160000	2600.000000	0.000000	691.800445	2579.881773	1000
1.200000	2600.000000	0.000000	708.286442	2602.542739	1000
1.240000	2600.000000	0.000000	724.316593	2626.442081	1000
1.280000	2600.000000	0.000000	739.954520	2651.656904	1000
1.320000	2600.000000	0.000000	755.227671	2678.342556	1000
1.360000	2600.000000	0.000000	770.258610	2705.474311	1000
1.400000	2600.000000	0.000000	785.070980	2735.210982	1000
1.440000	2600.000000	0.000000	799.746349	2765.705865	1000
1.480000	2600.000000	0.000000	814.293653	2796.505632	1000
1.520000	2600.000000	0.000000	828.633014	2829.754127	1000
1.560000	2600.000000	0.000000	842.831335	2864.050480	1000
1.600000	2600.000000	0.000000	856.909651	2899.294197	1000
1.640000	2600.000000	0.000000	870.904744	2934.520006	1000
1.680000	2600.000000	0.000000	884.810334	2969.897912	2000
1.720000	2600.000000	0.000000	906.184757	2716.284452	2000
1.760000	2600.000000	0.000000	922.905013	2593.812960	2000
1.800000	2600.000000	0.000000	937.402967	2535.046209	2000
1.840000	2600.000000	0.000000	950.760386	2507.740747	2000
1.880000	2600.000000	0.000000	963.465185	2496.987284	2000
1.920000	2600.000000	0.000000	975.750418	2495.625994	2000
1.960000	2600.000000	0.000000	987.764656	2498.972965	2000
2.000000	2600.000000	0.000000	999.583316	2504.657208	2000
2.040000	2600.000000	0.000000	1011.245294	2511.477720	2000
2.080000	2600.000000	0.000000	1022.771241	2518.822377	2000
2.120000	2600.000000	0.000000	1034.172576	2526.378425	2000
2.160000	2600.000000	0.000000	1045.455996	2533.986221	2000
2.200000	2600.000000	0.000000	1056.625766	2541.564738	2000
2.240000	2600.000000	0.000000	1067.684887	2549.073409	2000
2.280000	2600.000000	0.000000	1078.635683	2556.492525	2000
2.320000	2600.000000	0.000000	1089.480118	2563.813131	2000
2.360000	2600.000000	0.000000	1100.219947	2571.031805	2000
2.400000	2600.000000	0.000000	1110.856801	2578.147960	2000
2.440000	2600.000000	0.000000	1121.392230	2585.162440	2000
2.480000	2600.000000	0.000000	1131.826235	2592.137384	2000
2.520000	2600.000000	0.000000	1142.150345	2599.498078	2000
2.560000	2600.000000	0.000000	1152.367068	2607.210446	2000
2.600000	2600.000000	0.000000	1162.457333	2615.843799	2000
2.640000	2600.000000	0.000000	1172.433561	2624.981983	2000
2.680000	2600.000000	0.000000	1182.311611	2634.178068	2000
2.720000	2600.000000	0.000000	1192.098637	2643.272873	2000
2.760000	2600.000000	0.000000	1201.796317	2652.344753	2000
2.800000	2600.000000	0.000000	1211.409348	2661.646300	2000
2.840000	2600.000000	0.000000	1220.944365	2671.013598	2000
2.880000	2600.000000	0.000000	1230.396459	2680.683927	2000
2.920000	2600.000000	0.000000	1239.763272	2690.799391	2000
2.960000	2600.000000	0.000000	1249.054463	2701.022960	2000
3.000000	2600.000000	0.000000	1258.280746	2711.178691	2000
3.040000	2600.000000	0.000000	1267.456759	2721.178146	2000
3.080000	2600.000000	0.000000	1276.582665	2731.052746	2000
3.120000	2600.000000	0.000000	1285.656491	2741.099489	2000
3.160000	2600.000000	0.000000	1294.679071	2752.195328	2000
3.200000	2600.000000	0.000000	1303.666404	2763.706167	2000
3.240000	2600.000000	0.000000	1312.625279	2775.299108	2000
3.280000	2600.000000	0.000000	1321.558216	2786.846459	2000
3.320000	2600.000000	0.000000	1330.466581	2798.223454	2000
3.360000	2600.000000	0.000000	1339.349883	2809.550110	2000
3.400000	2600.000000	0.000000	1348.210177	2820.913683	2000
3.440000	2600.000000	0.000000	1357.048938	2832.251306	2000
3.480000	2600.000000	0.000000	1365.846954	2844.345910	2000
3.520000	2600.000000	0.000000	1374.604472	2857.074733	2000
3.560000	2600.000000	0.000000	1383.332795	2869.914263	2000
3.600000	2600.000000	0.000000	1392.034999	2882.726708	2000
3.640000	2600.000000	0.000000	1400.711995	2895.475767	2000
3.680000	2600.000000	0.000000	1409.363984	2908.160319	2000
3.720000	2600.000000	0.000000	1417.986287	2921.137882	2000
3.760000	2600.000000	0.000000	1426.583085	2934.309160	2000
3.800000	2600.000000	0.000000	1435.158566	2947.473609	2000
3.840000	2600.000000	0.000000	1443.713755	2960.584988	2000
3.880000	2600.000000	0.000000	1452.248945	2973.632815	2000
3.920000	2600.000000	0.000000	1460.764258	2986.614997	2000
3.960000	2600.000000	0.000000	1469.259772	2999.531424	2000
4.000000	2600.000000	0.000000	1477.732489	3012.521026	2000
4.040000	2600.000000	0.000000	1486.179420	3025.704294	2000
4.080000	2600.000000	0.000000	1494.604798	3038.878318	2000
4.120000	2600.000000	0.000000	1503.009590	3051.999878	2000
4.160000	2600.000000	0.000000	1511.394061	3065.059826	2000
4.200000	2600.000000	0.000000	1519.758322	3078.056487	2000
4.240000	2600.000000	0.000000	1528.102450	3090.989841	2000
4.280000	2600.000000	0.000000	1536.426513	3103.860234	3000
4.320000	2600.000000	0.000000	1549.663532	2834.048292	3000
4.360000	2600.000000	0.000000	1559.762021	2701.769438	3000
4.400000	2600.000000	0.000000	1568.389572	2637.723862	3000
4.440000	2600.000000	0.000000	1576.306361	2606.589151	3000
4.480000	2600.000000	0.000000	1583.852667	2591.996782	3000
4.520000	2600.000000	0.000000	1591.192585	2585.906756	3000
4.560000	2600.000000	0.000000	1598.408643	2584.235283	3000
4.600000	2600.000000	0.000000	1605.543338	2584.870471	3000
4.640000	2600.000000	0.000000	1612.618873	2586.709434	3000
4.680000	2600.000000	0.000000	1619.646986	2589.173066	3000
4.720000	2600.000000	0.000000	1626.633955	2591.956347	3000
4.760000	2600.000000	0.000000	1633.583197	2594.898336	3000
4.800000	2600.000000	0.000000	1640.496626	2597.914043	3000
4.840000	2600.000000	0.000000	1647.372939	2601.103166	3000
4.880000	2600.000000	0.000000	1654.211980	2604.510050	3000
4.920000	2600.000000	0.000000	1661.016304	2608.014961	3000
4.960000	2600.000000	0.000000	1667.787321	2611.556764	3000
5.000000	2600.000000	0.000000	1674.523893	2615.190760	3000
5.040000	4750.000000	0.000000	1681.611064	2689.993497	3000
5.080000	4750.000000	0.000000	1689.712528	2767.025640	3000
5.120000	4750.000000	0.000000	1698.521736	2812.808462	2000
5.160000	4750.000000	0.000000	1700.989116	3267.974726	2000
5.200000	4750.000000	0.000000	1709.293351	3453.435695	2000
5.240000	4750.000000	0.000000	1720.442187	3507.268820	2000
5.280000	4750.000000	0.000000	1732.186152	3533.390919	2000
5.320000	4750.000000	0.000000	1744.041163	3554.166464	2000
5.360000	4750.000000	0.000000	1755.914728	3573.894881	2000
5.400000	4750.000000	0.000000	1767.789335	3593.388583	2000
5.440000	4750.000000	0.000000	1779.660174	3612.595711	2000
5.480000	4750.000000	0.000000	1791.511819	3631.280761	2000
5.520000	4750.000000	0.000000	1803.335997	3649.783867	2000
5.560000	4750.000000	0.000000	1815.131393	3668.173806	2000
5.600000	4750.000000	0.000000	1826.897834	3686.464158	2000
5.640000	4750.000000	0.000000	1838.635362	3704.658126	2000
5.680000	4750.000000	0.000000	1850.344058	3722.756937	2000
5.720000	4750.000000	0.000000	1862.024009	3740.761430	2000
5.760000	4750.000000	0.000000	1873.675304	3758.672363	2000
5.800000	4750.000000	0.000000	1885.298033	3776.490468	2000
5.840000	4750.000000	0.000000	1896.892284	3794.216469	2000
5.880000	4750.000000	0.000000	1908.458144	3811.851079	2000
5.920000	4750.000000	0.000000	1919.984095	3829.912923	2000
5.960000	4750.000000	0.000000	1931.458819	3848.825161	2000
6.000000	4750.000000	0.000000	1942.899721	3867.757363	2000
6.040000	4750.000000	0.000000	1954.308806	3886.619490	2000
6.080000	4750.000000	0.000000	1965.686526	3905.395338	2000
6.120000	4750.000000	0.000000	1977.033044	3924.082424	2000
6.160000	4750.000000	0.000000	1988.348470	3942.680761	2000
6.200000	4750.000000	0.000000	1999.632903	3961.190810	2000
6.240000	4750.000000	0.000000	2010.886441	3979.613102	2000
6.280000	4750.000000	0.000000	2022.109183	3997.948184	2000
6.320000	4750.000000	0.000000	2033.300812	4016.166849	2000
6.360000	4750.000000	0.000000	2044.459946	4034.267381	2000
6.400000	4750.000000	0.000000	2055.586177	4052.274271	2000
6.440000	4750.000000	0.000000	2066.679567	4070.190678	2000
6.480000	4750.000000	0.000000	2077.740222	4088.017632	2000
6.520000	4750.000000	0.000000	2088.768254	4105.755787	2000
6.560000	4750.000000	0.000000	2099.763777	4123.405731	2000
6.600000	4750.000000	0.000000	2110.726906	4140.968037	2000
6.640000	4750.000000	0.000000	2121.657751	4158.443268	2000
6.680000	4750.000000	0.000000	2132.556426	4175.831985	2000
6.720000	4750.000000	0.000000	2143.423043	4193.134741	2000
6.760000	4750.000000	0.000000	2154.257712	4210.352088	2000
6.800000	4750.000000	0.000000	2165.060545	4227.484572	2000
6.840000	4750.000000	0.000000	2175.831650	4244.532732	2000
6.880000	4750.000000	0.000000	2186.571138	4261.497105	2000
6.920000	4750.000000	0.000000	2197.279118	4278.378224	2000
6.960000	4750.000000	0.000000	2207.955698	4295.176615	2000
7.000000	4750.000000	0.000000	2218.600986	4311.892803	2000
7.040000	4750.000000	0.000000	2229.215089	4328.527305	2000
7.080000	4750.000000	0.000000	2239.798114	4345.080636	2000
7.120000	4750.000000	0.000000	2250.350168	4361.553307	2000
7.160000	4750.000000	0.000000	2260.871357	4377.945824	2000
7.200000	4750.000000	0.000000	2271.361784	4394.258688	2000
7.240000	4750.000000	0.000000	2281.820698	4410.363159	2000
7.280000	4750.000000	0.000000	2292.239376	4426.075813	2000
7.320000	4750.000000	0.000000	2302.612740	4441.616911	2000
7.360000	4750.000000	0.000000	2312.940062	4457.037409	2000
7.400000	4750.000000	0.000000	2323.221414	4472.348238	2000
7.440000	4750.000000	0.000000	2333.457028	4487.552347	2000
7.480000	4750.000000	0.000000	2343.647161	4502.651069	2000
7.520000	4750.000000	0.000000	2353.792080	4517.645402	2000
7.560000	4750.000000	0.000000	2363.892047	4532.536266	2000
7.600000	4750.000000	0.000000	2373.947325	4547.324555	2000
7.640000	4750.000000	0.000000	2383.958173	4562.011154	2000
7.680000	4750.000000	0.000000	2393.924850	4576.596937	2000
7.720000	4750.000000	0.000000	2403.847612	4591.082769	2000
7.760000	4750.000000	0.000000	2413.726712	4605.469505	2000
7.800000	4750.000000	0.000000	2423.562404	4619.757992	2000
7.840000	4750.000000	0.000000	2433.354936	4633.949069	2000
7.880000	4750.000000	0.000000	2443.104559	4648.043564	2000
7.920000	4750.000000	0.000000	2452.811518	4662.042300	2000
7.960000	4750.000000	0.000000	2462.476057	4675.946088	2000
8.000000	4750.000000	0.000000	2472.098421	4689.755733	2000
8.040000	4750.000000	0.000000	2481.678849	4703.472031	2000
8.080000	4750.000000	0.000000	2491.217581	4717.095769	2000
8.120000	4750.000000	0.000000	2500.714854	4730.627729	2000
8.160000	4750.000000	0.000000	2510.170904	4744.068681	2000
8.200000	4750.000000	0.000000	2519.585965	4757.419391	3000
8.240000	4750.000000	0.000000	2542.320050	3941.178274	3000
8.280000	4750.000000	0.000000	2554.205023	3673.020461	3000
8.320000	4750.000000	0.000000	2562.818465	3616.179864	3000
8.360000	4750.000000	0.000000	2570.666987	3611.382682	3000
8.400000	4750.000000	0.000000	2578.350831	3617.036261	3000
8.440000	4750.000000	0.000000	2585.991276	3624.812289	3000
8.480000	4750.000000	0.000000	2593.613152	3632.971496	3000
8.520000	4750.000000	0.000000	2601.221189	3641.183430	3000
8.560000	4750.000000	0.000000	2608.816290	3649.385854	3000
8.600000	4750.000000	0.000000	2616.398638	3657.567074	3000
8.640000	4750.000000	0.000000	2623.968280	3665.724940	3000
8.680000	4750.000000	0.000000	2631.525237	3673.859116	3000
8.720000	4750.000000	0.000000	2639.069524	3681.969605	3000
8.760000	4750.000000	0.000000	2646.601157	3690.056482	3000
8.800000	4750.000000	0.000000	2654.120149	3698.119829	3000
8.840000	4750.000000	0.000000	2661.626517	3706.159732	3000
8.880000	4750.000000	0.000000	2669.120273	3714.176279	3000
8.920000	4750.000000	0.000000	2676.601434	3722.169555	3000
8.960000	4750.000000	0.000000	2684.070013	3730.139646	3000
9.000000	4750.000000	0.000000	2691.526025	3738.086635	3000
9.040000	4750.000000	0.000000	2698.969485	3746.010609	3000
9.080000	4750.000000	0.000000	2706.400407	3753.911651	3000
9.120000	4750.000000	0.000000	2713.818807	3761.789844	3000
9.160000	4750.000000	0.000000	2721.224698	3769.645272	3000
9.200000	4750.000000	0.000000	2728.618095	3777.478018	3000
9.240000	4750.000000	0.000000	2735.999013	3785.288163	3000
9.280000	4750.000000	0.000000	2743.367466	3793.075791	3000
9.320000	4750.000000	0.000000	2750.723469	3800.840982	3000
9.360000	4750.000000	0.000000	2758.067037	3808.583818	3000
9.400000	4750.000000	0.000000	2765.398183	3816.304379	3000
9.440000	4750.000000	0.000000	2772.716923	3824.002746	3000
9.480000	4750.000000	0.000000	2780.023271	3831.678998	3000
9.520000	4750.000000	0.000000	2787.317242	3839.333215	3000
9.560000	4750.000000	0.000000	2794.598123	3847.012971	3000
9.600000	4750.000000	0.000000	2801.858207	3855.200189	3000
9.640000	4750.000000	0.000000	2809.103344	3863.474216	3000
9.680000	4750.000000	0.000000	2816.334848	3871.745740	3000
9.720000	4750.000000	0.000000	2823.552974	3879.998346	3000
9.760000	4750.000000	0.000000	2830.757785	3888.229093	3000
9.800000	4750.000000	0.000000	2837.949305	3896.437502	3000
9.840000	4750.000000	0.000000	2845.127553	3904.623541	3000
9.880000	4750.000000	0.000000	2852.292548	3912.787261	3000
9.920000	4750.000000	0.000000	2859.444307	3920.928724	3000
9.960000	4750.000000	0.000000	2866.582847	3929.047999	3000
10.000000	4750.000000	0.000000	2873.708187	3937.145150	3000
10.040000	3000.000000	0.000000	2880.509693	3909.443002	3000
10.080000	3000.000000	0.000000	2886.043179	3881.584760	3000
10.120000	3000.000000	0.000000	2891.215719	3878.693680	4000
10.160000	3000.000000	0.000000	2902.548366	3342.772757	4000
10.200000	3000.000000	0.000000	2909.401153	3093.506311	4000
10.240000	3000.000000	0.000000	2914.338440	2979.637171	4000
10.280000	3000.000000	0.000000	2918.407716	2933.116591	4000
10.320000	3000.000000	0.000000	2922.139475	2914.962767	4000
10.360000	3000.000000	0.000000	2925.733883	2909.291250	4000
10.400000	3000.000000	0.000000	2929.273461	2908.902978	4000
10.440000	3000.000000	0.000000	2932.792283	2910.245150	4000
10.480000	3000.000000	0.000000	2936.301437	2912.156158	4000
10.520000	3000.000000	0.000000	2939.804579	2914.253067	4000
10.560000	3000.000000	0.000000	2943.302921	2916.409033	4000
10.600000	3000.000000	0.000000	2946.796868	2918.581935	4000
10.640000	3000.000000	0.000000	2950.286557	2920.757766	4000
10.680000	3000.000000	0.000000	2953.772034	2922.931866	4000
10.720000	3000.000000	0.000000	2957.253319	2925.102685	4000
10.760000	3000.000000	0.000000	2960.730417	2927.269713	4000
10.800000	3000.000000	0.000000	2964.203334	2929.432783	4000
10.840000	3000.000000	0.000000	2967.672073	2931.591847	4000
10.880000	3000.000000	0.000000	2971.136638	2933.746894	4000
10.920000	3000.000000	0.000000	2974.597030	2935.897926	4000
10.960000	3000.000000	0.000000	2978.053253	2938.044950	4000
11.000000	3000.000000	0.000000	2981.505310	2940.187975	4000
11.040000	3000.000000	0.000000	2984.953202	2942.327009	4000
11.080000	3000.000000	0.000000	2988.396985	2944.450016	4000
11.120000	3000.000000	0.000000	2991.836614	2946.551902	4000
11.160000	3000.000000	0.000000	2995.271985	2948.643690	4000
11.200000	3000.000000	0.000000	2998.703062	2950.729344	4000
11.240000	3000.000000	0.000000	3002.129835	2952.810259	4000
11.280000	3000.000000	0.000000	3005.552304	2954.886929	4000
11.320000	3000.000000	0.000000	3008.970470	2956.959537	4000
11.360000	3000.000000	0.000000	3012.384336	2959.028150	4000
11.400000	3000.000000	0.000000	3015.793905	2961.092799	4000
11.440000	3000.000000	0.000000	3019.199181	2963.153501	4000
11.480000	3000.000000	0.000000	3022.600166	2965.210267	4000
11.520000	3000.000000	0.000000	3025.996865	2967.263107	4000
11.560000	3000.000000	0.000000	3029.389280	2969.312031	4000
11.600000	3000.000000	0.000000	3032.777415	2971.357049	4000
11.640000	3000.000000	0.000000	3036.161274	2973.398167	4000
11.680000	3000.000000	0.000000	3039.540859	2975.435397	4000
11.720000	3000.000000	0.000000	3042.916175	2977.468747	4000
11.760000	3000.000000	0.000000	3046.287224	2979.498225	4000
11.800000	3000.000000	0.000000	3049.654010	2981.523840	4000
11.840000	3000.000000	0.000000	3053.016537	2983.545602	4000
11.880000	3000.000000	0.000000	3056.374808	2985.563519	4000
11.920000	3000.000000	0.000000	3059.728825	2987.577599	4000
11.960000	3000.000000	0.000000	3063.078594	2989.587853	4000
12.000000	3000.000000	0.000000	3066.424117	2991.594287	4000
12.040000	3000.000000	0.000000	3069.765397	2993.596912	4000
12.080000	3000.000000	0.000000	3073.102439	2995.595735	4000
12.120000	3000.000000	0.000000	3076.435154	2997.598988	4000
12.160000	3000.000000	0.000000	3079.761382	2999.792481	4000
12.200000	3000.000000	0.000000	3083.082046	3002.071978	4000
12.240000	3000.000000	0.000000	3086.397824	3004.370129	4000
12.280000	3000.000000	0.000000	3089.708891	3006.669737	4000
12.320000	3000.000000	0.000000	3093.015296	3008.966406	4000
12.360000	3000.000000	0.000000	3096.317055	3011.259015	4000
12.400000	3000.000000	0.000000	3099.614176	3013.547284	4000
12.440000	3000.000000	0.000000	3102.906664	3015.831149	4000
12.480000	3000.000000	0.000000	3106.194524	3018.110599	4000
12.520000	3000.000000	0.000000	3109.477762	3020.385639	4000
12.560000	3000.000000	0.000000	3112.756381	3022.656277	4000
12.600000	3000.000000	0.000000	3116.030386	3024.922524	4000
12.640000	3000.000000	0.000000	3119.299784	3027.184387	4000
12.680000	3000.000000	0.000000	3122.564577	3029.441878	4000
12.720000	3000.000000	0.000000	3125.824771	3031.695005	4000
12.760000	3000.000000	0.000000	3129.080371	3033.943778	4000
12.800000	3000.000000	0.000000	3132.331381	3036.188206	4000
12.840000	3000.000000	0.000000	3135.577807	3038.428299	4000
12.880000	3000.000000	0.000000	3138.819652	3040.664066	4000
12.920000	3000.000000	0.000000	3142.056923	3042.895517	4000
12.960000	3000.000000	0.000000	3145.289622	3045.122661	4000
13.000000	3000.000000	0.000000	3148.517756	3047.345507	4000
13.040000	3000.000000	0.000000	3151.741329	3049.564065	4000
13.080000	3000.000000	0.000000	3154.960346	3051.778344	4000
13.120000	3000.000000	0.000000	3158.174811	3053.988353	4000
13.160000	3000.000000	0.000000	3161.384730	3056.194102	4000
13.200000	3000.000000	0.000000	3164.590107	3058.395600	4000
13.240000	3000.000000	0.000000	3167.790946	3060.592855	4000
13.280000	3000.000000	0.000000	3170.987253	3062.785878	4000
13.320000	3000.000000	0.000000	3174.179033	3064.974677	4000
13.360000	3000.000000	0.000000	3177.366289	3067.159261	4000
13.400000	3000.000000	0.000000	3180.549028	3069.339640	4000
13.440000	3000.000000	0.000000	3183.727253	3071.515822	4000
13.480000	3000.000000	0.000000	3186.900969	3073.687817	4000
13.520000	3000.000000	0.000000	3190.070182	3075.855633	4000
13.560000	3000.000000	0.000000	3193.234895	3078.019280	4000
13.600000	3000.000000	0.000000	3196.395114	3080.178767	4000
13.640000	3000.000000	0.000000	3199.550671	3082.359054	4000
13.680000	3000.000000	0.000000	3202.701384	3084.609529	4000
13.720000	3000.000000	0.000000	3205.847802	3086.877307	4000
13.760000	3000.000000	0.000000	3208.990085	3089.145876	4000
13.800000	3000.000000	0.000000	3212.128274	3091.411544	4000
13.840000	3000.000000	0.000000	3215.262379	3093.673483	4000
13.880000	3000.000000	0.000000	3218.392405	3095.931515	4000
13.920000	3000.000000	0.000000	3221.518356	3098.185605	4000
13.960000	3000.000000	0.000000	3224.640235	3100.435750	4000
14.000000	3000.000000	0.000000	3227.758046	3102.681955	4000
14.040000	3000.000000	0.000000	3230.871792	3104.924226	4000
14.080000	3000.000000	0.000000	3233.981477	3107.162572	4000
14.120000	3000.000000	0.000000	3237.087103	3109.396999	4000
14.160000	3000.000000	0.000000	3240.188675	3111.627513	4000
14.200000	3000.000000	0.000000	3243.286194	3113.854123	4000
14.240000	3000.000000	0.000000	3246.379666	3116.076834	4000
14.280000	3000.000000	0.000000	3249.469093	3118.295655	4000
14.320000	3000.000000	0.000000	3252.554478	3120.510593	4000
14.360000	3000.000000	0.000000	3255.635825	3122.721653	4000
14.400000	3000.000000	0.000000	3258.713137	3124.928844	4000
14.440000	3000.000000	0.000000	3261.786417	3127.132172	4000
14.480000	3000.000000	0.000000	3264.855670	3129.331644	4000
14.520000	3000.000000	0.000000	3267.920898	3131.527268	4000
14.560000	3000.000000	0.000000	3270.982104	3133.719049	4000
14.600000	3000.000000	0.000000	3274.039293	3135.906996	4000
14.640000	3000.000000	0.000000	3277.092467	3138.091115	4000
14.680000	3000.000000	0.000000	3280.141629	3140.271413	4000
14.720000	3000.000000	0.000000	3283.186784	3142.447896	4000
14.760000	3000.000000	0.000000	3286.227934	3144.620573	4000
14.800000	3000.000000	0.000000	3289.265083	3146.789449	4000
14.840000	3000.000000	0.000000	3292.298235	3148.954531	4000
14.880000	3000.000000	0.000000	3295.327392	3151.115827	4000
14.920000	3000.000000	0.000000	3298.352558	3153.273343	4000
14.960000	3000.000000	0.000000	3301.373736	3155.427086	4000
15.000000	3000.000000	0.000000	3304.390931	3157.577062	4000
15.040000	4250.000000	0.000000	3307.641860	3203.716004	4000
15.080000	4250.000000	0.000000	3311.501212	3234.660952	4000
15.120000	4250.000000	0.000000	3315.554138	3246.455078	4000
15.160000	4250.000000	0.000000	3319.664093	3252.289923	4000
15.200000	4250.000000	0.000000	3323.791322	3256.044788	4000
15.240000	4250.000000	0.000000	3327.921912	3259.077247	4000
15.280000	4250.000000	0.000000	3332.051043	3261.857509	4000
15.320000	4250.000000	0.000000	3336.177050	3264.547982	4000
15.360000	4250.000000	0.000000	3340.299358	3267.204754	4000
15.400000	4250.000000	0.000000	3344.417768	3269.847212	4000
15.440000	4250.000000	0.000000	3348.532212	3272.482064	4000
15.480000	4250.000000	0.000000	3352.642664	3275.111638	4000
15.520000	4250.000000	0.000000	3356.749116	3277.736747	4000
15.560000	4250.000000	0.000000	3360.851566	3280.357675	4000
15.600000	4250.000000	0.000000	3364.950011	3282.974527	4000
15.640000	4250.000000	0.000000	3369.044451	3285.587342	4000
15.680000	4250.000000	0.000000	3373.134886	3288.196138	4000
15.720000	4250.000000	0.000000	3377.221262	3290.805841	4000
15.760000	4250.000000	0.000000	3381.301251	3293.622311	4000
15.800000	4250.000000	0.000000	3385.375715	3296.553622	4000
15.840000	4250.000000	0.000000	3389.445600	3299.509149	4000
15.880000	4250.000000	0.000000	3393.511134	3302.467113	4000
15.920000	4250.000000	0.000000	3397.572372	3305.422277	4000
15.960000	4250.000000	0.000000	3401.629328	3308.373381	4000
16.000000	4250.000000	0.000000	3405.682005	3311.320126	4000
16.040000	4250.000000	0.000000	3409.730405	3314.262444	4000
16.080000	4250.000000	0.000000	3413.774528	3317.200323	4000
16.120000	4250.000000	0.000000	3417.814374	3320.133767	4000
16.160000	4250.000000	0.000000	3421.849946	3323.062779	4000
16.200000	4250.000000	0.000000	3425.881242	3325.987366	4000
16.240000	4250.000000	0.000000	3429.908263	3328.907535	4000
16.280000	4250.000000	0.000000	3433.931010	3331.823291	4000
16.320000	4250.000000	0.000000	3437.949484	3334.734641	4000
16.360000	4250.000000	0.000000	3441.963685	3337.641592	4000
16.400000	4250.000000	0.000000	3445.973614	3340.544148	4000
16.440000	4250.000000	0.000000	3449.979271	3343.442318	4000
16.480000	4250.000000	0.000000	3453.980657	3346.336106	4000
16.520000	4250.000000	0.000000	3457.977772	3349.225520	4000
16.560000	4250.000000	0.000000	3461.970618	3352.110565	4000
16.600000	4250.000000	0.000000	3465.959194	3354.991248	4000
16.640000	4250.000000	0.000000	3469.943501	3357.867575	4000
16.680000	4250.000000	0.000000	3473.923541	3360.739552	4000
16.720000	4250.000000	0.000000	3477.899313	3363.607185	4000
16.760000	4250.000000	0.000000	3481.870819	3366.470481	4000
16.800000	4250.000000	0.000000	3485.838058	3369.329445	4000
16.840000	4250.000000	0.000000	3489.801033	3372.184084	4000
16.880000	4250.000000	0.000000	3493.759743	3375.034404	4000
16.920000	4250.000000	0.000000	3497.714189	3377.880412	4000
16.960000	4250.000000	0.000000	3501.664373	3380.722112	4000
17.000000	4250.000000	0.000000	3505.610294	3383.559512	4000
17.040000	4250.000000	0.000000	3509.551954	3386.392617	4000
17.080000	4250.000000	0.000000	3513.489352	3389.221434	4000
17.120000	4250.000000	0.000000	3517.422491	3392.045969	4000
17.160000	4250.000000	0.000000	3521.351371	3394.866227	4000
17.200000	4250.000000	0.000000	3525.275993	3397.682215	4000
17.240000	4250.000000	0.000000	3529.196357	3400.493939	4000
17.280000	4250.000000	0.000000	3533.112036	3403.370909	4000
17.320000	4250.000000	0.000000	3537.023429	3406.303173	4000
17.360000	4250.000000	0.000000	3540.931007	3409.243594	4000
17.400000	4250.000000	0.000000	3544.834865	3412.182627	4000
17.440000	4250.000000	0.000000	3548.735023	3415.118285	4000
17.480000	4250.000000	0.000000	3552.631483	3418.050156	4000
17.520000	4250.000000	0.000000	3556.524247	3420.978157	4000
17.560000	4250.000000	0.000000	3560.413314	3423.902273	4000
17.600000	4250.000000	0.000000	3564.298684	3426.822506	4000
17.640000	4250.000000	0.000000	3568.180356	3429.738857	4000
17.680000	4250.000000	0.000000	3572.058330	3432.651331	4000
17.720000	4250.000000	0.000000	3575.932606	3435.559933	4000
17.760000	4250.000000	0.000000	3579.803182	3438.464665	4000
17.800000	4250.000000	0.000000	3583.670059	3441.365532	4000
17.840000	4250.000000	0.000000	3587.533236	3444.262538	4000
17.880000	4250.000000	0.000000	3591.392713	3447.155687	4000
17.920000	4250.000000	0.000000	3595.248490	3450.044983	4000
17.960000	4250.000000	0.000000	3599.100565	3452.930430	4000
18.000000	4250.000000	0.000000	3602.948940	3455.812031	4000
18.040000	4250.000000	0.000000	3606.793613	3458.689792	4000
18.080000	4250.000000	0.000000	3610.634583	3461.563716	4000
18.120000	4250.000000	0.000000	3614.471852	3464.433807	4000
18.160000	4250.000000	0.000000	3618.305418	3467.300068	4000
18.200000	4250.000000	0.000000	3622.135281	3470.162505	4000
18.240000	4250.000000	0.000000	3625.961442	3473.021120	4000
18.280000	4250.000000	0.000000	3629.783898	3475.875918	4000
18.320000	4250.000000	0.000000	3633.602652	3478.726903	4000
18.360000	4250.000000	0.000000	3637.417701	3481.574079	4000
18.400000	4250.000000	0.000000	3641.229046	3484.417450	4000
18.440000	4250.000000	0.000000	3645.036687	3487.257019	4000
18.480000	4250.000000	0.000000	3648.840624	3490.092791	4000
18.520000	4250.000000	0.000000	3652.640855	3492.924770	4000
18.560000	4250.000000	0.000000	3656.437382	3495.752960	4000
18.600000	4250.000000	0.000000	3660.230204	3498.577364	4000
18.640000	4250.000000	0.000000	3664.019320	3501.397987	4000
18.680000	4250.000000	0.000000	3667.804732	3504.214832	4000
18.720000	4250.000000	0.000000	3671.586437	3507.027904	4000
18.760000	4250.000000	0.000000	3675.364437	3509.837206	4000
18.800000	4250.000000	0.000000	3679.138731	3512.642743	4000
18.840000	4250.000000	0.000000	3682.909319	3515.444517	4000
18.880000	4250.000000	0.000000	3686.676201	3518.242535	4000
18.920000	4250.000000	0.000000	3690.439378	3521.036798	4000
18.960000	4250.000000	0.000000	3694.198848	3523.827311	4000
19.000000	4250.000000	0.000000	3697.954611	3526.614079	4000
19.040000	4250.000000	0.000000	3701.706669	3529.397104	4000
19.080000	4250.000000	0.000000	3705.455020	3532.176392	4000
19.120000	4250.000000	0.000000	3709.199665	3534.951945	4000
19.160000	4250.000000	0.000000	3712.940595	3537.724517	4000
19.200000	4250.000000	0.000000	3716.677318	3540.542487	4000
19.240000	4250.000000	0.000000	3720.409992	3543.389097	4000
19.280000	4250.000000	0.000000	3724.138878	3546.238239	4000
19.320000	4250.000000	0.000000	3727.864026	3549.084841	4000
19.360000	4250.000000	0.000000	3731.585448	3551.927922	4000
19.400000	4250.000000	0.000000	3735.303145	3554.767293	4000
19.440000	4250.000000	0.000000	3739.017117	3557.602919	4000
19.480000	4250.000000	0.000000	3742.727365	3560.434797	4000
19.520000	4250.000000	0.000000	3746.433888	3563.262929	4000
19.560000	4250.000000	0.000000	3750.136688	3566.087318	4000
19.600000	4250.000000	0.000000	3753.835763	3568.907969	4000
19.640000	4250.000000	0.000000	3757.531115	3571.724884	4000
19.680000	4250.000000	0.000000	3761.222743	3574.538068	4000
19.720000	4250.000000	0.000000	3764.910648	3577.347524	4000
19.760000	4250.000000	0.000000	3768.594829	3580.153255	4000
19.800000	4250.000000	0.000000	3772.275288	3582.955266	4000
19.840000	4250.000000	0.000000	3775.952023	3585.753560	4000
19.880000	4250.000000	0.000000	3779.625036	3588.548140	4000
19.920000	4250.000000	0.000000	3783.294327	3591.339011	4000
19.960000	4250.000000	0.000000	3786.959896	3594.126176	4000
20.000000	4250.000000	0.000000	3790.621742	3596.909638	4000
20.040000	3750.000000	0.000000	3794.228963	3589.271051	4000
20.080000	3750.000000	0.000000	3797.596495	3580.244468	4000
20.120000	3750.000000	0.000000	3800.872338	3580.125939	4000
20.160000	3750.000000	0.000000	3804.124873	3581.973272	4000
20.200000	3750.000000	0.000000	3807.369263	3584.247114	4000
20.240000	3750.000000	0.000000	3810.608820	3586.611267	4000
20.280000	3750.000000	0.000000	3813.844269	3588.992330	4000
20.320000	3750.000000	0.000000	3817.075772	3591.374257	4000
20.360000	3750.000000	0.000000	3820.303364	3593.753542	4000
20.400000	3750.000000	0.000000	3823.527056	3596.129418	4000
20.440000	3750.000000	0.000000	3826.746850	3598.501720	4000
20.480000	3750.000000	0.000000	3829.962735	3600.864060	4000
20.520000	3750.000000	0.000000	3833.174321	3603.179990	4000
20.560000	3750.000000	0.000000	3836.381142	3605.476678	4000
20.600000	3750.000000	0.000000	3839.583090	3607.765806	4000
20.640000	3750.000000	0.000000	3842.780148	3610.049871	4000
20.680000	3750.000000	0.000000	3845.972315	3612.329415	4000
20.720000	3750.000000	0.000000	3849.159597	3614.604560	4000
20.760000	3750.000000	0.000000	3852.341998	3616.875338	4000
20.800000	3750.000000	0.000000	3855.519523	3619.141764	4000
20.840000	3750.000000	0.000000	3858.692179	3621.403846	4000
20.880000	3750.000000	0.000000	3861.859970	3623.661593	4000
20.920000	3750.000000	0.000000	3865.022902	3625.915014	4000
20.960000	3750.000000	0.000000	3868.180979	3628.164117	4000
21.000000	3750.000000	0.000000	3871.334209	3630.408910	4000
21.040000	3750.000000	0.000000	3874.482595	3632.649402	4000
21.080000	3750.000000	0.000000	3877.626144	3634.885600	4000
21.120000	3750.000000	0.000000	3880.764861	3637.117514	4000
21.160000	3750.000000	0.000000	3883.898751	3639.345151	4000
21.200000	3750.000000	0.000000	3887.027820	3641.568519	4000
21.240000	3750.000000	0.000000	3890.152072	3643.787628	4000
21.280000	3750.000000	0.000000	3893.271514	3646.002484	4000
21.320000	3750.000000	0.000000	3896.386152	3648.213096	4000
21.360000	3750.000000	0.000000	3899.495989	3650.419473	4000
21.400000	3750.000000	0.000000	3902.601032	3652.621622	4000
21.440000	3750.000000	0.000000	3905.701286	3654.819552	4000
21.480000	3750.000000	0.000000	3908.796756	3657.013271	4000
21.520000	3750.000000	0.000000	3911.887449	3659.202786	4000
21.560000	3750.000000	0.000000	3914.973369	3661.388106	4000
21.600000	3750.000000	0.000000	3918.054522	3663.569239	4000
21.640000	3750.000000	0.000000	3921.130912	3665.746193	4000
21.680000	3750.000000	0.000000	3924.202547	3667.918976	4000
21.720000	3750.000000	0.000000	3927.269430	3670.087596	4000
21.760000	3750.000000	0.000000	3930.331568	3672.252061	4000
21.800000	3750.000000	0.000000	3933.388966	3674.412379	4000
21.840000	3750.000000	0.000000	3936.441629	3676.568558	4000
21.880000	3750.000000	0.000000	3939.489562	3678.720606	4000
21.920000	3750.000000	0.000000	3942.532772	3680.868531	4000
21.960000	3750.000000	0.000000	3945.571263	3683.012341	4000
22.000000	3750.000000	0.000000	3948.605041	3685.152043	4000
22.040000	3750.000000	0.000000	3951.634112	3687.287646	4000
22.080000	3750.000000	0.000000	3954.658480	3689.419158	4000
22.120000	3750.000000	0.000000	3957.678151	3691.546585	4000
22.160000	3750.000000	0.000000	3960.693131	3693.669937	4000
22.200000	3750.000000	0.000000	3963.703425	3695.789221	4000
22.240000	3750.000000	0.000000	3966.709038	3697.904445	4000
22.280000	3750.000000	0.000000	3969.709899	3700.023158	4000
22.320000	3750.000000	0.000000	3972.704440	3702.290806	4000
22.360000	3750.000000	0.000000	3975.693746	3704.590441	4000
22.400000	3750.000000	0.000000	3978.678118	3706.892104	4000
22.440000	3750.000000	0.000000	3981.657611	3709.190509	4000
22.480000	3750.000000	0.000000	3984.632243	3711.484735	4000
22.520000	3750.000000	0.000000	3987.602020	3713.774623	4000
22.560000	3750.000000	0.000000	3990.566948	3716.060154	4000
22.600000	3750.000000	0.000000	3993.527034	3718.341330	4000
22.640000	3750.000000	0.000000	3996.482283	3720.618158	4000
22.680000	3750.000000	0.000000	3999.432703	3722.890646	4000
22.720000	3750.000000	0.000000	4002.378298	3725.158801	4000
22.760000	3750.000000	0.000000	4005.319076	3727.422632	4000
22.800000	3750.000000	0.000000	4008.255041	3729.682147	4000
22.840000	3750.000000	0.000000	4011.186200	3731.937352	4000
22.880000	3750.000000	0.000000	4014.112560	3734.188257	4000
22.920000	3750.000000	0.000000	4017.034125	3736.434868	4000
22.960000	3750.000000	0.000000	4019.950903	3738.677193	4000
23.000000	3750.000000	0.000000	4022.862899	3740.915241	4000
23.040000	3750.000000	0.000000	4025.770120	3743.149018	4000
23.080000	3750.000000	0.000000	4028.672570	3745.378533	4000
23.120000	3750.000000	0.000000	4031.570257	3747.603794	4000
23.160000	3750.000000	0.000000	4034.463187	3749.824808	4000
23.200000	3750.000000	0.000000	4037.351364	3752.041582	4000
23.240000	3750.000000	0.000000	4040.234797	3754.254126	4000
23.280000	3750.000000	0.000000	4043.113490	3756.462445	4000
23.320000	3750.000000	0.000000	4045.987449	3758.666548	4000
23.360000	3750.000000	0.000000	4048.856681	3760.866443	4000
23.400000	3750.000000	0.000000	4051.721192	3763.062136	4000
23.440000	3750.000000	0.000000	4054.580987	3765.253637	4000
23.480000	3750.000000	0.000000	4057.436073	3767.440952	4000
23.520000	3750.000000	0.000000	4060.286456	3769.624088	4000
23.560000	3750.000000	0.000000	4063.132142	3771.803055	4000
23.600000	3750.000000	0.000000	4065.973136	3773.977858	4000
23.640000	3750.000000	0.000000	4068.809445	3776.148506	4000
23.680000	3750.000000	0.000000	4071.641075	3778.315007	4000
23.720000	3750.000000	0.000000	4074.468032	3780.477367	4000
23.760000	3750.000000	0.000000	4077.290322	3782.635594	4000
23.800000	3750.000000	0.000000	4080.107950	3784.789697	4000
23.840000	3750.000000	0.000000	4082.920924	3786.939681	4000
23.880000	3750.000000	0.000000	4085.729249	3789.085556	4000
23.920000	3750.000000	0.000000	4088.532930	3791.227327	4000
23.960000	3750.000000	0.000000	4091.331975	3793.365004	4000
24.000000	3750.000000	0.000000	4094.126388	3795.498593	4000
24.040000	3750.000000	0.000000	4096.916176	3797.628101	4000
24.080000	3750.000000	0.000000	4099.701346	3799.753537	4000
24.120000	3750.000000	0.000000	4102.481902	3801.874907	4000
24.160000	3750.000000	0.000000	4105.257852	3803.992219	4000
24.200000	3750.000000	0.000000	4108.029200	3806.105480	4000
24.240000	3750.000000	0.000000	4110.795953	3808.214698	4000
24.280000	3750.000000	0.000000	4113.558118	3810.319880	4000
24.320000	3750.000000	0.000000	4116.315699	3812.421034	4000
24.360000	3750.000000	0.000000	4119.068704	3814.518166	4000
24.400000	3750.000000	0.000000	4121.817137	3816.611285	4000
24.440000	3750.000000	0.000000	4124.561005	3818.700397	4000
24.480000	3750.000000	0.000000	4127.300314	3820.785510	4000
24.520000	3750.000000	0.000000	4130.035071	3822.866631	4000
24.560000	3750.000000	0.000000	4132.765280	3824.943767	4000
24.600000	3750.000000	0.000000	4135.490948	3827.016926	4000
24.640000	3750.000000	0.000000	4138.212081	3829.086115	4000
24.680000	3750.000000	0.000000	4140.928685	3831.151341	4000
24.720000	3750.000000	0.000000	4143.640765	3833.212611	4000
24.760000	3750.000000	0.000000	4146.348329	3835.269933	4000
24.800000	3750.000000	0.000000	4149.051381	3837.323314	4000
24.840000	3750.000000	0.000000	4151.749928	3839.372761	4000
24.880000	3750.000000	0.000000	4154.443975	3841.418282	4000
24.920000	3750.000000	0.000000	4157.133530	3843.459882	4000
24.960000	3750.000000	0.000000	4159.818597	3845.497571	4000
25.000000	3750.000000	0.000000	4162.499182	3847.531354	4000
25.040000	4000.000000	0.000000	4165.231012	3858.128175	4000
25.080000	4000.000000	0.000000	4168.130583	3865.207504	4000
25.120000	4000.000000	0.000000	4171.065712	3868.100195	4000
25.160000	4000.000000	0.000000	4174.000961	3870.447597	4000
25.200000	4000.000000	0.000000	4176.931993	3872.697586	4000
25.240000	4000.000000	0.000000	4179.858069	3874.926976	4000
25.280000	4000.000000	0.000000	4182.779068	3877.149079	4000
25.320000	4000.000000	0.000000	4185.694975	3879.366213	4000
25.360000	4000.000000	0.000000	4188.605791	3881.578788	4000
25.400000	4000.000000	0.000000	4191.511525	3883.786882	4000
25.440000	4000.000000	0.000000	4194.412183	3885.990515	4000
25.480000	4000.000000	0.000000	4197.307772	3888.189698	4000
25.520000	4000.000000	0.000000	4200.198300	3890.384441	4000
25.560000	4000.000000	0.000000	4203.083772	3892.574752	4000
25.600000	4000.000000	0.000000	4205.964198	3894.760640	4000
25.640000	4000.000000	0.000000	4208.839583	3896.942113	4000
25.680000	4000.000000	0.000000	4211.709935	3899.119180	4000
25.720000	4000.000000	0.000000	4214.575261	3901.291850	4000
25.760000	4000.000000	0.000000	4217.435569	3903.460131	4000
25.800000	4000.000000	0.000000	4220.290864	3905.624031	4000
25.840000	4000.000000	0.000000	4223.141155	3907.783560	4000
25.880000	4000.000000	0.000000	4225.986448	3909.938725	4000
25.920000	4000.000000	0.000000	4228.826750	3912.089536	4000
25.960000	4000.000000	0.000000	4231.662070	3914.236001	4000
26.000000	4000.000000	0.000000	4234.492413	3916.378128	4000
26.040000	4000.000000	0.000000	4237.317787	3918.515926	4000
26.080000	4000.000000	0.000000	4240.138198	3920.649403	4000
26.120000	4000.000000	0.000000	4242.953655	3922.778568	4000
26.160000	4000.000000	0.000000	4245.764164	3924.903430	4000
26.200000	4000.000000	0.000000	4248.569732	3927.023995	4000
26.240000	4000.000000	0.000000	4251.370366	3929.140274	4000
26.280000	4000.000000	0.000000	4254.166074	3931.252274	4000
26.320000	4000.000000	0.000000	4256.956861	3933.360004	4000
26.360000	4000.000000	0.000000	4259.742737	3935.463472	4000
26.400000	4000.000000	0.000000	4262.523706	3937.562687	4000
26.440000	4000.000000	0.000000	4265.299778	3939.657656	4000
26.480000	4000.000000	0.000000	4268.070957	3941.748388	4000
26.520000	4000.000000	0.000000	4270.837253	3943.834892	4000
26.560000	4000.000000	0.000000	4273.598671	3945.917175	4000
26.600000	4000.000000	0.000000	4276.355218	3947.995247	4000
26.640000	4000.000000	0.000000	4279.106903	3950.069114	4000
26.680000	4000.000000	0.000000	4281.853731	3952.138786	4000
26.720000	4000.000000	0.000000	4284.595710	3954.204271	4000
26.760000	4000.000000	0.000000	4287.332847	3956.265576	4000
26.800000	4000.000000	0.000000	4290.065148	3958.322711	4000
26.840000	4000.000000	0.000000	4292.792622	3960.375683	4000
26.880000	4000.000000	0.000000	4295.515274	3962.424500	4000
26.920000	4000.000000	0.000000	4298.233112	3964.469171	4000
26.960000	4000.000000	0.000000	4300.946142	3966.509704	4000
27.000000	4000.000000	0.000000	4303.654373	3968.546106	4000
27.040000	4000.000000	0.000000	4306.357810	3970.578386	4000
27.080000	4000.000000	0.000000	4309.056461	3972.606553	4000
27.120000	4000.000000	0.000000	4311.750333	3974.630613	4000
27.160000	4000.000000	0.000000	4314.439433	3976.650576	4000
27.200000	4000.000000	0.000000	4317.123767	3978.666449	4000
27.240000	4000.000000	0.000000	4319.803343	3980.678240	4000
27.280000	4000.000000	0.000000	4322.478167	3982.685957	4000
27.320000	4000.000000	0.000000	4325.148247	3984.689609	4000
27.360000	4000.000000	0.000000	4327.813590	3986.689203	4000
27.400000	4000.000000	0.000000	4330.474202	3988.684747	4000
27.440000	4000.000000	0.000000	4333.130091	3990.676249	4000
27.480000	4000.000000	0.000000	4335.781263	3992.663718	4000
27.520000	4000.000000	0.000000	4338.427725	3994.647160	4000
27.560000	4000.000000	0.000000	4341.069484	3996.626585	4000
27.600000	4000.000000	0.000000	4343.706547	3998.601999	4000
27.640000	4000.000000	0.000000	4346.338923	4000.573704	4000
27.680000	4000.000000	0.000000	4348.966649	4002.544701	4000
27.720000	4000.000000	0.000000	4351.589777	4004.512711	4000
27.760000	4000.000000	0.000000	4354.208321	4006.476973	4000
27.800000	4000.000000	0.000000	4356.822288	4008.437359	4000
27.840000	4000.000000	0.000000	4359.431685	4010.393852	4000
27.880000	4000.000000	0.000000	4362.036519	4012.346455	4000
27.920000	4000.000000	0.000000	4364.636797	4014.295176	4000
27.960000	4000.000000	0.000000	4367.232525	4016.240021	4000
28.000000	4000.000000	0.000000	4369.823710	4018.180997	4000
28.040000	4000.000000	0.000000	4372.410357	4020.118113	4000
28.080000	4000.000000	0.000000	4374.992474	4022.051376	4000
28.120000	4000.000000	0.000000	4377.570068	4023.980793	4000
28.160000	4000.000000	0.000000	4380.143144	4025.906372	4000
28.200000	4000.000000	0.000000	4382.711709	4027.828119	4000
28.240000	4000.000000	0.000000	4385.275770	4029.746043	4000
28.280000	4000.000000	0.000000	4387.835333	4031.660150	4000
28.320000	4000.000000	0.000000	4390.390406	4033.570448	4000
28.360000	4000.000000	0.000000	4392.940993	4035.476945	4000
28.400000	4000.000000	0.000000	4395.487103	4037.379647	4000
28.440000	4000.000000	0.000000	4398.028740	4039.278561	4000
28.480000	4000.000000	0.000000	4400.565913	4041.173696	4000
28.520000	4000.000000	0.000000	4403.098627	4043.065059	4000
28.560000	4000.000000	0.000000	4405.626888	4044.952656	4000
28.600000	4000.000000	0.000000	4408.150704	4046.836495	4000
28.640000	4000.000000	0.000000	4410.670081	4048.716583	4000
28.680000	4000.000000	0.000000	4413.185025	4050.592927	4000
28.720000	4000.000000	0.000000	4415.695542	4052.465535	4000
28.760000	4000.000000	0.000000	4418.201640	4054.334414	4000
28.800000	4000.000000	0.000000	4420.703325	4056.199571	4000
28.840000	4000.000000	0.000000	4423.200602	4058.061013	4000
28.880000	4000.000000	0.000000	4425.693479	4059.918747	4000
28.920000	4000.000000	0.000000	4428.181962	4061.772780	4000
28.960000	4000.000000	0.000000	4430.666058	4063.623120	4000
29.000000	4000.000000	0.000000	4433.145773	4065.469774	4000
29.040000	4000.000000	0.000000	4435.621112	4067.312748	4000
29.080000	4000.000000	0.000000	4438.092084	4069.152051	4000
29.120000	4000.000000	0.000000	4440.558694	4070.987688	4000
29.160000	4000.000000	0.000000	4443.020948	4072.819667	4000
29.200000	4000.000000	0.000000	4445.478853	4074.647996	4000
29.240000	4000.000000	0.000000	4447.932416	4076.472680	4000
29.280000	4000.000000	0.000000	4450.381643	4078.293728	4000
29.320000	4000.000000	0.000000	4452.826540	4080.111146	4000
29.360000	4000.000000	0.000000	4455.267113	4081.924941	4000
29.400000	4000.000000	0.000000	4457.703370	4083.735120	4000
29.440000	4000.000000	0.000000	4460.135316	4085.541690	4000
29.480000	4000.000000	0.000000	4462.562958	4087.344658	4000
29.520000	4000.000000	0.000000	4464.986302	4089.144032	4000
29.560000	4000.000000	0.000000	4467.405354	4090.939817	4000
29.600000	4000.000000	0.000000	4469.820122	4092.732021	4000
29.640000	4000.000000	0.000000	4472.230611	4094.520652	4000
29.680000	4000.000000	0.000000	4474.636827	4096.305715	4000
29.720000	4000.000000	0.000000	4477.038778	4098.087217	4000
29.760000	4000.000000	0.000000	4479.436468	4099.865166	4000
29.800000	4000.000000	0.000000	4481.829906	4101.639569	4000
29.840000	4000.000000	0.000000	4484.219097	4103.410432	4000
29.880000	4000.000000	0.000000	4486.604047	4105.177762	4000
29.920000	4000.000000	0.000000	4488.984762	4106.941566	4000
29.960000	4000.000000	0.000000	4491.361250	4108.701850	4000
30.000000	4000.000000	0.000000	4493.733516	4110.458623	4000
